10 10
0.580111841402 0.295464211273 0.667642535792 0.753458183047 0.922050036926 0.830654574441 0.0612663564285 0.413482379568 0.181775673221 0.639519289532 
0.90731794676 0.131887506206 0.615469051242 0.221521128434 0.524378049823 0.452208028613 0.790781061596 0.857275516226 0.753033076414 0.0619345251531 
0.457486437881 0.405148354038 0.230851491262 0.845902654133 0.734809028016 0.590739583457 0.542171768248 0.540529379651 0.67275844234 0.4426870602 
0.437389146826 0.931433150975 0.142411851936 0.978726413392 0.457933483725 0.473206449853 0.281547197144 0.148516098395 0.199002355289 0.708830245561 
0.762799682784 0.201164258536 0.299420724959 0.604498003323 0.193166754056 0.885954266276 0.561021872516 0.0891529748135 0.309878974382 0.57817868017 
0.627384532975 0.970850720976 0.101789643984 0.773357051018 0.590296625036 0.176002506252 0.458036534872 0.974074020349 0.267928893092 0.0973001934405 
0.749923548842 0.9313115592 0.0789025759398 0.653016201047 0.192674894311 0.814806494827 0.657596025568 0.243958820246 0.000277933260138 0.183010901617 
0.848693936602 0.668229746958 0.271807996632 0.0279656582607 0.649201333094 0.810804249347 0.580328779137 0.519694224586 0.535345864849 0.437128078505 
0.736564568178 0.923541573317 0.819919884809 0.426172571617 0.261102736582 0.955978402261 0.162399591743 0.914945777682 0.333111635205 0.465669604783 
0.874859121054 0.73319680226 0.214539014856 0.994762650103 0.640810614714 0.486312290839 0.82587287432 0.284566069522 0.839998206346 0.429915404445 
