10 10
0.961379846251 0.434141351655 0.947565400218 0.400651391217 0.80627152707 0.938406585108 0.95748349721 0.757928370043 0.566890644225 0.398059282313 
0.411083641824 0.218492564069 0.633775235637 0.42271484228 0.238905284623 0.793927649282 0.878353294448 0.683880317622 0.204161516535 0.990220947964 
0.860694255455 0.969201006105 0.9593489309 0.818000418934 0.551315971871 0.367161130675 0.184706466537 0.357433593574 0.580915565265 0.412012155194 
0.0215516953663 0.304347272447 0.754424748014 0.378964266191 0.45244284795 0.255736352786 0.697866113265 0.230839636381 0.148322188577 0.739402202509 
0.663060035458 0.491668531452 0.39268034364 0.281141592839 0.473312182448 0.61393028716 0.346987365199 0.105760526497 0.134987951372 0.113172874287 
0.621612438236 0.0138585548845 0.926109795985 0.197261069898 0.958503476396 0.106013479135 0.633941731938 0.387914487331 0.334487023165 0.708284278787 
0.200990155571 0.104164670536 0.00234144728164 0.544391558593 0.13379165077 0.461559855416 0.35282114548 0.517690736116 0.855698630385 0.503526070908 
0.209613079578 0.83094423163 0.32994816958 0.405841499815 0.0943339724903 0.785649086691 0.382372628828 0.0836488118702 0.346381281229 0.189441145181 
0.829658233113 0.734931374537 0.804128234057 0.536719635908 0.204868859391 0.883890972983 0.78049364568 0.133227661457 0.924658143459 0.0290123540355 
0.814850245981 0.240824917955 0.684829759449 0.244348522242 0.762995265415 0.214075150274 0.69570558797 0.129201813318 0.535797407543 0.778201116456 
